[gd_scene load_steps=49 format=3 uid="uid://b1kgoae0kitiv"]

[ext_resource type="Script" path="res://Scripts/Session/session-ui.gd" id="1_hgwux"]
[ext_resource type="Shader" path="res://Art/Shaders/speed_lines.gdshader" id="2_yp38n"]
[ext_resource type="Material" uid="uid://odsr6tkwwym7" path="res://Art/concrete.tres" id="3_unp6f"]
[ext_resource type="PackedScene" uid="uid://bkvjrplin1mib" path="res://Prefabs/player.tscn" id="4_jexno"]
[ext_resource type="Script" path="res://Scripts/Session/iso_cam.gd" id="5_ua8ny"]
[ext_resource type="Texture2D" uid="uid://b4uirgc0hc525" path="res://Art/concrete.png" id="7_eelya"]
[ext_resource type="PackedScene" uid="uid://dgligoh1d7tp" path="res://Prefabs/block.tscn" id="7_w8l64"]
[ext_resource type="Script" path="res://Scripts/grindable.gd" id="8_5lccs"]
[ext_resource type="AudioStream" uid="uid://ddfv51hjiwpt7" path="res://Audio/Session/Ambience/wind-outside-sound-ambient-141989.mp3" id="10_53v25"]
[ext_resource type="PackedScene" uid="uid://dc4djc1iyfcwe" path="res://Art/air_duct_kit_-_hvac__pipes__air_conditioning/arc duct.tscn" id="12_w2hcl"]
[ext_resource type="Script" path="res://Scripts/ductway.gd" id="13_bi3qp"]
[ext_resource type="PackedScene" uid="uid://cwbngy6t1jmst" path="res://Art/air_duct_kit_-_hvac__pipes__air_conditioning/straight duct.tscn" id="13_qw323"]
[ext_resource type="Texture2D" uid="uid://dl7tu60xd2881" path="res://Art/old_dirty_mattress/textures/Old_matrac_diffuse.jpeg" id="15_7byu4"]
[ext_resource type="Texture2D" uid="uid://blmlv6hx7kjde" path="res://Art/old_dirty_mattress/textures/Old_matrac_normal.jpeg" id="15_4361j"]
[ext_resource type="PackedScene" uid="uid://d31yo640ky5nc" path="res://Prefabs/ac_unit.tscn" id="17_xmfld"]

[sub_resource type="FastNoiseLite" id="FastNoiseLite_prp5s"]
frequency = 0.1025

[sub_resource type="NoiseTexture2D" id="NoiseTexture2D_s1cmw"]
noise = SubResource("FastNoiseLite_prp5s")

[sub_resource type="ShaderMaterial" id="ShaderMaterial_wdcya"]
shader = ExtResource("2_yp38n")
shader_parameter/line_color = Color(1, 1, 1, 0.188235)
shader_parameter/line_count = 1.15
shader_parameter/line_density = 0.0
shader_parameter/line_faloff = 1.0
shader_parameter/mask_size = 0.1
shader_parameter/mask_edge = 0.445
shader_parameter/animation_speed = 11.584
shader_parameter/noise = SubResource("NoiseTexture2D_s1cmw")

[sub_resource type="CanvasTexture" id="CanvasTexture_6lq48"]

[sub_resource type="Environment" id="Environment_oj4fy"]
fog_enabled = true
fog_light_color = Color(0.541176, 0.552941, 0.545098, 1)
fog_density = 0.0141

[sub_resource type="BoxMesh" id="BoxMesh_psjxp"]
material = ExtResource("3_unp6f")
size = Vector3(35.225, 100, 50)

[sub_resource type="ConvexPolygonShape3D" id="ConvexPolygonShape3D_1kbyc"]
points = PackedVector3Array(17.6125, 50, 25, -17.6125, 50, 25, 17.6125, -50, 25, 17.6125, 50, -25, -17.6125, 50, -25, -17.6125, -50, 25, 17.6125, -50, -25, -17.6125, -50, -25)

[sub_resource type="PhysicsMaterial" id="PhysicsMaterial_5bjo6"]
friction = 0.46

[sub_resource type="StandardMaterial3D" id="StandardMaterial3D_pur8h"]
albedo_color = Color(0.705882, 0.878431, 1, 1)
albedo_texture = ExtResource("7_eelya")
uv1_scale = Vector3(8, 8, 8)

[sub_resource type="BoxMesh" id="BoxMesh_iwogx"]
material = SubResource("StandardMaterial3D_pur8h")
size = Vector3(9, 6, 9)

[sub_resource type="ConvexPolygonShape3D" id="ConvexPolygonShape3D_pfam3"]
points = PackedVector3Array(-4.5, -3, -4.5, -4.5, 3, -4.5, 4.5, -3, -4.5, -4.5, -3, 4.5, -4.5, 3, 4.5, 4.5, 3, -4.5, 4.5, -3, 4.5, 4.5, 3, 4.5)

[sub_resource type="BoxMesh" id="BoxMesh_exfec"]
material = ExtResource("3_unp6f")
size = Vector3(20, 100, 50)

[sub_resource type="ConvexPolygonShape3D" id="ConvexPolygonShape3D_5r8vg"]
points = PackedVector3Array(10, 50, 25, -10, 50, 25, 10, -50, 25, 10, 50, -25, -10, 50, -25, -10, -50, 25, 10, -50, -25, -10, -50, -25)

[sub_resource type="BoxMesh" id="BoxMesh_c0xn1"]
material = ExtResource("3_unp6f")
size = Vector3(50, 100, 200)

[sub_resource type="BoxMesh" id="BoxMesh_oidl8"]
material = ExtResource("3_unp6f")
size = Vector3(74, 25, 10)

[sub_resource type="ConvexPolygonShape3D" id="ConvexPolygonShape3D_1p7gv"]
points = PackedVector3Array(36.9928, 12.5, 5, 36.9928, 12.5, -5, -37, 12.5, 5, 36.9928, -12.5, 5, 36.9928, -12.5, -5, -37, 12.5, -5, -37, -12.5, 5, -37, -12.5, -5)

[sub_resource type="ConvexPolygonShape3D" id="ConvexPolygonShape3D_eie4p"]
points = PackedVector3Array(-25, -50, -100, 25, -50, -100, -25, -50, 100, -25, 50, -100, 25, 50, -100, 25, -50, 100, -25, 50, 100, 25, 50, 100)

[sub_resource type="BoxMesh" id="BoxMesh_u8am7"]
material = ExtResource("3_unp6f")
size = Vector3(20, 100, 20)

[sub_resource type="ConvexPolygonShape3D" id="ConvexPolygonShape3D_pkmsv"]
points = PackedVector3Array(-10, -50, -10, -10, -50, 10, -10, 50, -10, 10, -50, -10, 10, -50, 10, -10, 50, 10, 10, 50, -10, 10, 50, 10)

[sub_resource type="StandardMaterial3D" id="StandardMaterial3D_38hhk"]
albedo_color = Color(0.905882, 0.568627, 0.521569, 1)
albedo_texture = ExtResource("7_eelya")
uv1_scale = Vector3(8, 8, 8)

[sub_resource type="BoxMesh" id="BoxMesh_ch7fn"]
material = SubResource("StandardMaterial3D_38hhk")
size = Vector3(0.5, 0.5, 100)

[sub_resource type="ConvexPolygonShape3D" id="ConvexPolygonShape3D_ifns7"]
points = PackedVector3Array(0.25, 50, 50, -0.25, 50, 50, 0.25, -50, 50, 0.25, 50, -50, -0.25, 50, -50, -0.25, -50, 50, 0.25, -50, -50, -0.25, -50, -50)

[sub_resource type="BoxShape3D" id="BoxShape3D_ktnnm"]
size = Vector3(1, 1, 101)

[sub_resource type="Curve3D" id="Curve3D_wundi"]
_data = {
"points": PackedVector3Array(0, 0, 0, 0, 0, 0, 0, 0, 0, 0, 0, 0, 0, 0, 0, -0.00818634, -0.0250435, -99.9953),
"tilts": PackedFloat32Array(0, 0)
}
point_count = 2

[sub_resource type="ConvexPolygonShape3D" id="ConvexPolygonShape3D_qsa1h"]
points = PackedVector3Array(0.25, 0.25, 50, 0.25, -0.25, 50, 0.25, 0.25, -50, -0.25, 0.25, 50, -0.25, -0.25, 50, 0.25, -0.25, -50, -0.25, 0.25, -50, -0.25, -0.25, -50)

[sub_resource type="BoxMesh" id="BoxMesh_kyq2m"]
material = ExtResource("3_unp6f")
size = Vector3(50, 100, 300)

[sub_resource type="ConvexPolygonShape3D" id="ConvexPolygonShape3D_omi7t"]
points = PackedVector3Array(-25, -50, -150, 25, -50, -150, -25, -50, 150, -25, 50, -150, 25, 50, -150, 25, -50, 150, -25, 50, 150, 25, 50, 150)

[sub_resource type="SphereShape3D" id="SphereShape3D_00324"]

[sub_resource type="Curve3D" id="Curve3D_r1lr2"]
_data = {
"points": PackedVector3Array(0, 0, 0, 0, 0, 0, 0, 0, 0, 0, 0, 0, 0, 0, 0, 0.228628, 0.00416231, -0.810085, 0, 0, 0, 0, 0, 0, 2.22, 0, -1.79, 0, 0, 0, 0, 0, 0, 2.195, 1.2, -12.775, 0.16, 0, 0.32, 0, 0, 0, 0.305, 0.925, -16.825),
"tilts": PackedFloat32Array(0, 0, 0, 0, -1.415)
}
point_count = 5

[sub_resource type="PhysicsMaterial" id="PhysicsMaterial_eun23"]
bounce = 0.6
absorbent = true

[sub_resource type="StandardMaterial3D" id="StandardMaterial3D_o4igm"]
albedo_texture = ExtResource("15_7byu4")
normal_enabled = true
normal_texture = ExtResource("15_4361j")

[sub_resource type="BoxMesh" id="BoxMesh_hxyjh"]
material = SubResource("StandardMaterial3D_o4igm")
size = Vector3(4, 0.3, 2)

[sub_resource type="ConvexPolygonShape3D" id="ConvexPolygonShape3D_t20q0"]
points = PackedVector3Array(-2, -0.15, -1, -2, 0.15, -1, 2, -0.15, -1, -2, -0.15, 1, -2, 0.15, 1, 2, 0.15, -1, 2, -0.15, 1, 2, 0.15, 1)

[node name="Node3D" type="Node3D"]

[node name="CanvasLayer" type="CanvasLayer" parent="." node_paths=PackedStringArray("player", "grind_indicator", "speed_label", "speed_lines", "input_label")]
script = ExtResource("1_hgwux")
player = NodePath("../Player")
grind_indicator = NodePath("ProgressBar")
speed_label = NodePath("Label")
speed_lines = NodePath("SpeedLines")
input_label = NodePath("Label2")

[node name="SpeedLines" type="TextureRect" parent="CanvasLayer"]
material = SubResource("ShaderMaterial_wdcya")
anchors_preset = 15
anchor_right = 1.0
anchor_bottom = 1.0
grow_horizontal = 2
grow_vertical = 2
texture = SubResource("CanvasTexture_6lq48")

[node name="ProgressBar" type="ProgressBar" parent="CanvasLayer"]
anchors_preset = 7
anchor_left = 0.5
anchor_top = 1.0
anchor_right = 0.5
anchor_bottom = 1.0
offset_left = -62.5
offset_top = -254.0
offset_right = 62.5
offset_bottom = -227.0
grow_horizontal = 2
grow_vertical = 0
min_value = -1.0
max_value = 1.0

[node name="Label" type="Label" parent="CanvasLayer"]
offset_left = 36.0
offset_top = 557.0
offset_right = 229.0
offset_bottom = 612.0
theme_override_font_sizes/font_size = 40
text = "Speed: 20"

[node name="Label2" type="Label" parent="CanvasLayer"]
offset_left = 36.0
offset_top = 502.0
offset_right = 229.0
offset_bottom = 557.0
theme_override_font_sizes/font_size = 40
text = "Input:"

[node name="Camera3D" type="Camera3D" parent="." node_paths=PackedStringArray("target")]
transform = Transform3D(0.707107, -0.5, 0.5, 0, 0.707107, 0.707107, -0.707107, -0.5, 0.5, -3.374, 48.037, 63.267)
environment = SubResource("Environment_oj4fy")
fov = 56.3
script = ExtResource("5_ua8ny")
target = NodePath("../Player")

[node name="Player" parent="." node_paths=PackedStringArray("camera") instance=ExtResource("4_jexno")]
transform = Transform3D(1, 0, 0, 0, 1, 0, 0, 0, 1, -11.0981, 40.0843, 56.2439)
camera = NodePath("../Camera3D")

[node name="DirectionalLight3D" type="DirectionalLight3D" parent="."]
transform = Transform3D(-0.894154, -0.341997, -0.28901, 0, -0.645458, 0.763796, -0.447759, 0.682951, 0.577139, 0, 3.83759, 0)
light_energy = 0.5
shadow_enabled = true

[node name="DirectionalLight3D2" type="DirectionalLight3D" parent="."]
transform = Transform3D(1, 0, 0, 0, -4.37114e-08, 1, 0, -1, -4.37114e-08, 0, 3.83759, 0)
light_energy = 0.5
shadow_enabled = true
shadow_blur = 4.881

[node name="Course" type="Node3D" parent="."]

[node name="StaticBody3D" type="StaticBody3D" parent="Course"]
transform = Transform3D(0.997621, 0.0689381, 0, -0.0689381, 0.997621, 0, 0, 0, 1, -3.8092, 0, 0)

[node name="MeshInstance3D" type="MeshInstance3D" parent="Course/StaticBody3D"]
transform = Transform3D(1, 0, 0, 0, 0.998929, 0.0462871, 0, -0.0462871, 0.998928, -0.604878, -51.1424, -23.9051)
mesh = SubResource("BoxMesh_psjxp")

[node name="CollisionShape3D" type="CollisionShape3D" parent="Course/StaticBody3D"]
transform = Transform3D(1, 0, 0, 0, 0.998929, 0.0462871, 0, -0.0462871, 0.998928, -0.604878, -51.1424, -23.9051)
shape = SubResource("ConvexPolygonShape3D_1kbyc")

[node name="Block" parent="Course" instance=ExtResource("7_w8l64")]

[node name="Block2" parent="Course" instance=ExtResource("7_w8l64")]
transform = Transform3D(1, 0, 0, 0, 1, 0, 0, 0, 1, -10.483, 28.8773, 65.5209)

[node name="Block3" parent="Course" instance=ExtResource("7_w8l64")]
transform = Transform3D(1, 0, 0, 0, 1, 0, 0, 0, 1, -4.65057, 30.6218, 53.661)

[node name="Block4" parent="Course" instance=ExtResource("7_w8l64")]
transform = Transform3D(1, 0, 0, 0, 1, 0, 0, 0, 1, -2.4802, 28.0156, 61.3691)

[node name="Block8" parent="Course" instance=ExtResource("7_w8l64")]
transform = Transform3D(1, 0, 0, 0, 1, 0, 0, 0, 1, -2.4802, 22.6832, 70.3809)

[node name="Block9" parent="Course" instance=ExtResource("7_w8l64")]
transform = Transform3D(1, 0, 0, 0, 1, 0, 0, 0, 1, 5.71197, 18.7944, 70.6675)

[node name="Block10" parent="Course" instance=ExtResource("7_w8l64")]
transform = Transform3D(1, 0, 0, 0, 1, 0, 0, 0, 1, -2.48043, 15.651, 76.7658)

[node name="Block15" parent="Course" instance=ExtResource("7_w8l64")]
transform = Transform3D(1, 0, 0, 0, 1, 0, 0, 0, 1, 35.6692, 18.0173, 78.8385)

[node name="Block16" parent="Course" instance=ExtResource("7_w8l64")]
transform = Transform3D(0.89246, -0.451127, 0, 0.451127, 0.89246, 0, 0, 0, 1, 33.0627, 11.1626, 81.9751)

[node name="Block18" parent="Course" instance=ExtResource("7_w8l64")]
transform = Transform3D(0.89246, -0.451127, 0, 0.260018, 0.514392, -0.817185, 0.368654, 0.729305, 0.576375, 33.4246, 13.7764, 77.7226)

[node name="Block17" parent="Course" instance=ExtResource("7_w8l64")]
transform = Transform3D(1, 0, 0, 0, 1, 0, 0, 0, 1, 39.0194, 13.1675, 84.5499)

[node name="Block11" parent="Course" instance=ExtResource("7_w8l64")]
transform = Transform3D(1, 0, 0, 0, 0.964838, -0.262846, 0, 0.262846, 0.964838, 17.1855, 15.3891, 74.2933)

[node name="Block13" parent="Course" instance=ExtResource("7_w8l64")]
transform = Transform3D(1, 0, 0, 0, 0.964838, -0.262846, 0, 0.262846, 0.964838, 24.8723, 17.7973, 72.9968)

[node name="Block14" parent="Course" instance=ExtResource("7_w8l64")]
transform = Transform3D(1, 0, 0, 0, 0.964838, -0.262846, 0, 0.262846, 0.964838, 29.5986, 20.2093, 73.8088)

[node name="Block12" parent="Course" instance=ExtResource("7_w8l64")]
transform = Transform3D(1.26, 0, 0, 0, 8.47, 0, 0, 0, 1.38, 0.19923, -6.73344, 68.1335)

[node name="Block5" parent="Course" instance=ExtResource("7_w8l64")]
transform = Transform3D(0.985271, 0.171001, 0, -0.171001, 0.985271, 0, 0, 0, 1, 2.11807, 24.4332, 52.8268)

[node name="Block6" parent="Course" instance=ExtResource("7_w8l64")]
transform = Transform3D(0.985271, 0.171001, 0, -0.171001, 0.985271, 0, 0, 0, 1, 4.07519, 24.4332, 59.8965)

[node name="Block7" parent="Course" instance=ExtResource("7_w8l64")]
transform = Transform3D(0.893329, 0.155043, -0.421811, -0.171001, 0.985271, 0, 0.415598, 0.07213, 0.906684, 2.55747, 24.5834, 66.2811)

[node name="Block19" type="StaticBody3D" parent="Course"]
transform = Transform3D(2.76896, 0.263588, 0.158442, -0.769811, 0.964251, -0.0154407, -0.456427, -0.0272218, 0.987248, -14.1542, 25.2181, 70.6303)
physics_material_override = SubResource("PhysicsMaterial_5bjo6")

[node name="MeshInstance3D" type="MeshInstance3D" parent="Course/Block19"]
mesh = SubResource("BoxMesh_iwogx")

[node name="CollisionShape3D" type="CollisionShape3D" parent="Course/Block19"]
shape = SubResource("ConvexPolygonShape3D_pfam3")

[node name="StaticBody3D2" type="StaticBody3D" parent="Course"]
transform = Transform3D(0.988065, -0.154038, 0, 0.154038, 0.988065, 0, 0, 0, 1, 9.3069, 1.87433, -62.3099)

[node name="MeshInstance3D" type="MeshInstance3D" parent="Course/StaticBody3D2"]
transform = Transform3D(1, 0, 0, 0, 0.998928, 0.0462871, 0, -0.0462871, 0.998928, 0, -50, -23.905)
mesh = SubResource("BoxMesh_exfec")

[node name="CollisionShape3D" type="CollisionShape3D" parent="Course/StaticBody3D2"]
transform = Transform3D(1, 0, 0, 0, 0.998928, 0.0462871, 0, -0.0462871, 0.998928, 0, -50, -23.905)
shape = SubResource("ConvexPolygonShape3D_5r8vg")

[node name="StaticBody3D3" type="StaticBody3D" parent="Course"]
transform = Transform3D(0.940333, 0.185458, 0.28527, -0.193498, 0.981101, 0, -0.279879, -0.0551992, 0.958447, -40.0476, -3.97005, -134.038)

[node name="MeshInstance3D" type="MeshInstance3D" parent="Course/StaticBody3D3"]
transform = Transform3D(1, 0, 0, 0, 0.998928, 0.0462871, 0, -0.0462871, 0.998928, 0, -50, -23.905)
mesh = SubResource("BoxMesh_exfec")

[node name="CollisionShape3D" type="CollisionShape3D" parent="Course/StaticBody3D3"]
transform = Transform3D(1, 0, 0, 0, 0.998928, 0.0462871, 0, -0.0462871, 0.998928, 0, -50, -23.905)
shape = SubResource("ConvexPolygonShape3D_5r8vg")

[node name="StaticBody3D4" type="StaticBody3D" parent="Course"]
transform = Transform3D(1, 0, 0, 0, 0.995573, 0.0939867, 0, -0.0939867, 0.995573, -40.0476, -16.8693, -230.712)

[node name="MeshInstance3D" type="MeshInstance3D" parent="Course/StaticBody3D4"]
transform = Transform3D(1, 0, 0, 0, 1, -2.23517e-08, 0, 2.23517e-08, 1, 0, -47.4726, -94.3613)
mesh = SubResource("BoxMesh_c0xn1")

[node name="MeshInstance3D2" type="MeshInstance3D" parent="Course/StaticBody3D4"]
transform = Transform3D(1, 0, 0, 0, 1, -2.23517e-08, 0, 2.23517e-08, 1, 0, 12.4868, -76.3842)
mesh = SubResource("BoxMesh_oidl8")

[node name="CollisionShape3D2" type="CollisionShape3D" parent="Course/StaticBody3D4"]
transform = Transform3D(1, 0, 0, 0, 1, -2.23517e-08, 0, 2.23517e-08, 1, 0, 12.4868, -76.3842)
shape = SubResource("ConvexPolygonShape3D_1p7gv")

[node name="CollisionShape3D" type="CollisionShape3D" parent="Course/StaticBody3D4"]
transform = Transform3D(1, 0, 0, 0, 1, -2.23517e-08, 0, 2.23517e-08, 1, 0, -47.4726, -94.3613)
shape = SubResource("ConvexPolygonShape3D_eie4p")

[node name="StaticBody3D5" type="StaticBody3D" parent="Course"]
transform = Transform3D(1, 0, 0, 0, 0.995573, 0.0939867, 0, -0.0939867, 0.995573, 30.545, -16.8693, -295.633)

[node name="MeshInstance3D" type="MeshInstance3D" parent="Course/StaticBody3D5"]
transform = Transform3D(1, 0, 0, 0, 1, -2.98023e-08, 0, 2.98023e-08, 1, 0, -47.4724, 9.98273)
mesh = SubResource("BoxMesh_u8am7")

[node name="CollisionShape3D" type="CollisionShape3D" parent="Course/StaticBody3D5"]
transform = Transform3D(1, 0, 0, 0, 1, -2.98023e-08, 0, 2.98023e-08, 1, 0, -47.4724, 9.98273)
shape = SubResource("ConvexPolygonShape3D_pkmsv")

[node name="StaticBody3D6" type="StaticBody3D" parent="Course"]
transform = Transform3D(1, 0, 0, 0, 0.99759, -0.0693908, 0, 0.0693908, 0.99759, 59.0017, -26.5842, -353.313)

[node name="MeshInstance3D" type="MeshInstance3D" parent="Course/StaticBody3D6"]
transform = Transform3D(1, 0, 0, 0, 1, -3.72529e-08, 0, 3.72529e-08, 1, 0, -47.4724, 9.98288)
mesh = SubResource("BoxMesh_u8am7")

[node name="CollisionShape3D" type="CollisionShape3D" parent="Course/StaticBody3D6"]
transform = Transform3D(1, 0, 0, 0, 1, -2.98023e-08, 0, 2.98023e-08, 1, 0, -47.4724, 9.98288)
shape = SubResource("ConvexPolygonShape3D_pkmsv")

[node name="StaticBody3D8" type="StaticBody3D" parent="Course"]
transform = Transform3D(1, 0, 0, 0, 0.999998, 0.0021293, 0, -0.00212931, 0.999998, 29.1817, -38.4755, -400.873)

[node name="MeshInstance3D" type="MeshInstance3D" parent="Course/StaticBody3D8"]
transform = Transform3D(1, 0, 0, 0, 1, -3.72529e-08, 0, 3.72529e-08, 1, 0, -47.4724, 9.98288)
mesh = SubResource("BoxMesh_u8am7")

[node name="CollisionShape3D" type="CollisionShape3D" parent="Course/StaticBody3D8"]
transform = Transform3D(1, 0, 0, 0, 1, -2.98023e-08, 0, 2.98023e-08, 1, 0, -47.4724, 9.98288)
shape = SubResource("ConvexPolygonShape3D_pkmsv")

[node name="StaticBody3D7" type="StaticBody3D" parent="Course"]
transform = Transform3D(1, 0, 0, 0, 0.995573, 0.0939867, 0, -0.0939867, 0.995573, -99.9363, -20.7843, -359.797)

[node name="MeshInstance3D" type="MeshInstance3D" parent="Course/StaticBody3D7"]
transform = Transform3D(1, 0, 0, 0, 1, -3.72529e-08, 0, 3.72529e-08, 1, 0, -47.4724, 9.98267)
mesh = SubResource("BoxMesh_u8am7")

[node name="CollisionShape3D" type="CollisionShape3D" parent="Course/StaticBody3D7"]
transform = Transform3D(1, 0, 0, 0, 1, -2.98023e-08, 0, 2.98023e-08, 1, 0, -47.4724, 9.98273)
shape = SubResource("ConvexPolygonShape3D_pkmsv")

[node name="StaticBody3D9" type="StaticBody3D" parent="Course"]
transform = Transform3D(1, 0, 0, 0, 0.998062, 0.0622157, 0, -0.0622157, 0.998062, -40.761, -20.1109, -466.151)

[node name="MeshInstance3D" type="MeshInstance3D" parent="Course/StaticBody3D9"]
transform = Transform3D(1, 0, 0, 0, 1, -3.72529e-08, 0, 3.72529e-08, 1, 12.5574, -62.5491, -24.7173)
mesh = SubResource("BoxMesh_ch7fn")

[node name="CollisionShape3D" type="CollisionShape3D" parent="Course/StaticBody3D9"]
transform = Transform3D(1, 0, 0, 0, 1, -3.72529e-08, 0, 3.72529e-08, 1, 12.5574, -62.5491, -24.7173)
shape = SubResource("ConvexPolygonShape3D_ifns7")

[node name="Area3D" type="Area3D" parent="Course/StaticBody3D9"]
transform = Transform3D(1, 0, 0, 0, 1, 0, 0, 0, 1, 13.2683, -12.0086, -1.13348)
input_ray_pickable = false
script = ExtResource("8_5lccs")

[node name="CollisionShape3D" type="CollisionShape3D" parent="Course/StaticBody3D9/Area3D"]
transform = Transform3D(1, 0, 0, 0, 1, 0, 0, 0, 1, -0.738468, -0.386827, -23.5946)
shape = SubResource("BoxShape3D_ktnnm")

[node name="Path3D" type="Path3D" parent="Course/StaticBody3D9/Area3D"]
transform = Transform3D(1, 0, 0, 0, 1, 0, 0, 0, 1, -0.681717, -0.47007, 26.4337)
curve = SubResource("Curve3D_wundi")

[node name="StaticBody3D15" type="StaticBody3D" parent="Course"]
transform = Transform3D(0.911865, 0.332653, -0.24051, -0.328405, 0.942707, 0.058765, 0.246279, 0.0253989, 0.968866, 27.5885, -66.2518, -466.151)

[node name="MeshInstance3D" type="MeshInstance3D" parent="Course/StaticBody3D15"]
transform = Transform3D(1, 0, 0, 0, 1, -3.72529e-08, 0, 3.72529e-08, 1, 12.5574, -62.5491, -24.7173)
mesh = SubResource("BoxMesh_ch7fn")

[node name="CollisionShape3D" type="CollisionShape3D" parent="Course/StaticBody3D15"]
transform = Transform3D(1, 0, 0, 0, 1, -3.72529e-08, 0, 3.72529e-08, 1, 12.5574, -62.5491, -24.7173)
shape = SubResource("ConvexPolygonShape3D_ifns7")

[node name="Area3D" type="Area3D" parent="Course/StaticBody3D15"]
transform = Transform3D(1, 0, 0, 0, 1, 0, 0, 0, 1, 13.2683, -12.0086, -1.13348)
input_ray_pickable = false
script = ExtResource("8_5lccs")

[node name="CollisionShape3D" type="CollisionShape3D" parent="Course/StaticBody3D15/Area3D"]
transform = Transform3D(1, 0, 0, 0, 1, 0, 0, 0, 1, -0.738468, -0.386827, -23.5946)
shape = SubResource("BoxShape3D_ktnnm")

[node name="Path3D" type="Path3D" parent="Course/StaticBody3D15/Area3D"]
transform = Transform3D(1, 0, 0, 0, 1, 0, 0, 0, 1, -0.681717, -0.47007, 26.4337)
curve = SubResource("Curve3D_wundi")

[node name="StaticBody3D17" type="StaticBody3D" parent="Course"]
transform = Transform3D(0.939333, -0.321744, 0.118885, 0.290041, 0.93008, 0.225447, -0.183109, -0.177289, 0.966974, -14.2103, -29.012, -182.143)

[node name="MeshInstance3D" type="MeshInstance3D" parent="Course/StaticBody3D17"]
transform = Transform3D(1, 0, 0, 0, 1, -3.72529e-08, 0, 3.72529e-08, 1, 12.5574, -62.5491, -24.7173)
mesh = SubResource("BoxMesh_ch7fn")

[node name="CollisionShape3D" type="CollisionShape3D" parent="Course/StaticBody3D17"]
transform = Transform3D(1, 0, 0, 0, 1, -3.72529e-08, 0, 3.72529e-08, 1, 12.5574, -62.5491, -24.7173)
shape = SubResource("ConvexPolygonShape3D_ifns7")

[node name="Area3D" type="Area3D" parent="Course/StaticBody3D17"]
transform = Transform3D(1, 0, 0, 0, 1, 0, 0, 0, 1, 13.2683, -12.0086, -1.13348)
input_ray_pickable = false
script = ExtResource("8_5lccs")

[node name="CollisionShape3D" type="CollisionShape3D" parent="Course/StaticBody3D17/Area3D"]
transform = Transform3D(1, 0, 0, 0, 1, 0, 0, 0, 1, -0.738468, -0.386827, -23.5946)
shape = SubResource("BoxShape3D_ktnnm")

[node name="Path3D" type="Path3D" parent="Course/StaticBody3D17/Area3D"]
transform = Transform3D(1, 0, 0, 0, 1, 0, 0, 0, 1, -0.681717, -0.47007, 26.4337)
curve = SubResource("Curve3D_wundi")

[node name="StaticBody3D10" type="StaticBody3D" parent="Course"]
transform = Transform3D(1, 0, 0, 0, 0.998062, 0.0622157, 0, -0.0622157, 0.998062, -23.7794, 11.6272, -80.1635)

[node name="MeshInstance3D" type="MeshInstance3D" parent="Course/StaticBody3D10"]
transform = Transform3D(1, 0, 0, 0, 1, -3.72529e-08, 0, 3.72529e-08, 1, 12.5574, -62.5491, -24.7173)
mesh = SubResource("BoxMesh_ch7fn")

[node name="CollisionShape3D" type="CollisionShape3D" parent="Course/StaticBody3D10"]
transform = Transform3D(1, 0, 0, 0, 1, -3.72529e-08, 0, 3.72529e-08, 1, 12.5574, -62.5491, -24.7173)
shape = SubResource("ConvexPolygonShape3D_ifns7")

[node name="Area3D" type="Area3D" parent="Course/StaticBody3D10"]
transform = Transform3D(1, 0, 0, 0, 1, 0, 0, 0, 1, 13.2683, -12.0086, -1.13348)
input_ray_pickable = false
script = ExtResource("8_5lccs")

[node name="CollisionShape3D" type="CollisionShape3D" parent="Course/StaticBody3D10/Area3D"]
transform = Transform3D(1, 0, 0, 0, 1, 0, 0, 0, 1, -0.738468, -0.386827, -23.5946)
shape = SubResource("BoxShape3D_ktnnm")

[node name="Path3D" type="Path3D" parent="Course/StaticBody3D10/Area3D"]
transform = Transform3D(1, 0, 0, 0, 1, 0, 0, 0, 1, -0.681717, -0.47007, 26.4337)
curve = SubResource("Curve3D_wundi")

[node name="StaticBody3D12" type="StaticBody3D" parent="Course"]
transform = Transform3D(-0.831889, 0.0695299, -0.550569, -0.106318, 0.953773, 0.281091, 0.544663, 0.292372, -0.786041, -13.8171, 41.441, 43.381)

[node name="MeshInstance3D" type="MeshInstance3D" parent="Course/StaticBody3D12"]
transform = Transform3D(1, 0, 0, 0, 1, -3.72529e-08, 0, 3.72529e-08, 1, -0.654446, -1.23132, -0.0767555)
mesh = SubResource("BoxMesh_ch7fn")

[node name="CollisionShape3D" type="CollisionShape3D" parent="Course/StaticBody3D12"]
transform = Transform3D(1, 0, 0, 0, 1, -3.72529e-08, 0, 3.72529e-08, 1, -0.654446, -1.23132, -0.0767555)
shape = SubResource("ConvexPolygonShape3D_qsa1h")

[node name="Area3D" type="Area3D" parent="Course/StaticBody3D12"]
transform = Transform3D(1, 0, 0, 0, 1, 0, 0, 0, 1, 0, 0.08741, 23.6071)
input_ray_pickable = false
script = ExtResource("8_5lccs")

[node name="CollisionShape3D" type="CollisionShape3D" parent="Course/StaticBody3D12/Area3D"]
transform = Transform3D(1, 0, 0, 0, 1, 0, 0, 0, 1, -0.673, -0.387, -23.595)
shape = SubResource("BoxShape3D_ktnnm")

[node name="Path3D" type="Path3D" parent="Course/StaticBody3D12/Area3D"]
transform = Transform3D(1, 0, 0, 0, 1, 0, 0, 0, 1, -0.681717, -0.47007, 26.4337)
curve = SubResource("Curve3D_wundi")

[node name="StaticBody3D11" type="StaticBody3D" parent="Course"]

[node name="MeshInstance3D2" type="MeshInstance3D" parent="Course/StaticBody3D11"]
transform = Transform3D(0.997621, 0.0688643, 0.00319095, -0.0680142, 0.975644, 0.208554, 0.0112487, -0.208275, 0.978005, 6.121, -98.2113, -202.664)
mesh = SubResource("BoxMesh_kyq2m")
skeleton = NodePath("../../StaticBody3D")

[node name="CollisionShape3D" type="CollisionShape3D" parent="Course/StaticBody3D11"]
transform = Transform3D(0.997621, 0.0688643, 0.00319095, -0.0680142, 0.975644, 0.208554, 0.0112487, -0.208275, 0.978005, 6.121, -98.2113, -202.664)
shape = SubResource("ConvexPolygonShape3D_omi7t")

[node name="StaticBody3D18" type="StaticBody3D" parent="Course"]
transform = Transform3D(1, 0, 0, 0, 0.969872, -0.243615, 0, 0.243615, 0.969872, -47.4824, 21.9909, 344.974)

[node name="MeshInstance3D2" type="MeshInstance3D" parent="Course/StaticBody3D18"]
transform = Transform3D(0.997621, 0.0688643, 0.00319095, -0.0680142, 0.975644, 0.208554, 0.0112487, -0.208275, 0.978005, 6.121, -98.2113, -202.664)
mesh = SubResource("BoxMesh_kyq2m")
skeleton = NodePath("../../StaticBody3D")

[node name="CollisionShape3D" type="CollisionShape3D" parent="Course/StaticBody3D18"]
transform = Transform3D(0.997621, 0.0688643, 0.00319095, -0.0680142, 0.975644, 0.208554, 0.0112487, -0.208275, 0.978005, 6.121, -98.2113, -202.664)
shape = SubResource("ConvexPolygonShape3D_omi7t")

[node name="StaticBody3D13" type="StaticBody3D" parent="Course"]
transform = Transform3D(0.937741, 0.276476, -0.210246, -0.290336, 0.956187, -0.0375627, 0.190649, 0.0962661, 0.976927, -12.3597, -65.7058, -296.22)

[node name="MeshInstance3D2" type="MeshInstance3D" parent="Course/StaticBody3D13"]
transform = Transform3D(0.997621, 0.0688643, 0.00319095, -0.0680142, 0.975644, 0.208554, 0.0112487, -0.208275, 0.978005, 6.121, -98.2113, -202.664)
mesh = SubResource("BoxMesh_kyq2m")
skeleton = NodePath("../../StaticBody3D")

[node name="CollisionShape3D" type="CollisionShape3D" parent="Course/StaticBody3D13"]
transform = Transform3D(0.997621, 0.0688643, 0.00319095, -0.0680142, 0.975644, 0.208554, 0.0112487, -0.208275, 0.978005, 6.121, -98.2113, -202.664)
shape = SubResource("ConvexPolygonShape3D_omi7t")

[node name="StaticBody3D16" type="StaticBody3D" parent="Course"]
transform = Transform3D(0.776281, 0.557434, -0.294373, -0.575037, 0.817515, 0.0316619, 0.258303, 0.144697, 0.955166, -40.6453, -39.3509, -296.22)

[node name="MeshInstance3D2" type="MeshInstance3D" parent="Course/StaticBody3D16"]
transform = Transform3D(0.997621, 0.0688643, 0.00319095, -0.0680142, 0.975644, 0.208554, 0.0112487, -0.208275, 0.978005, 6.121, -98.2113, -202.664)
mesh = SubResource("BoxMesh_kyq2m")
skeleton = NodePath("../../StaticBody3D")

[node name="CollisionShape3D" type="CollisionShape3D" parent="Course/StaticBody3D16"]
transform = Transform3D(0.997621, 0.0688643, 0.00319095, -0.0680142, 0.975644, 0.208554, 0.0112487, -0.208275, 0.978005, 6.121, -98.2113, -202.664)
shape = SubResource("ConvexPolygonShape3D_omi7t")

[node name="StaticBody3D14" type="StaticBody3D" parent="Course"]
transform = Transform3D(0.789918, 0.287936, -0.541408, -0.427962, 0.891188, -0.150441, 0.439179, 0.350538, 0.827191, 31.8195, -118.479, -630.404)

[node name="MeshInstance3D2" type="MeshInstance3D" parent="Course/StaticBody3D14"]
transform = Transform3D(0.997621, 0.0688643, 0.00319095, -0.0680142, 0.975644, 0.208554, 0.0112487, -0.208275, 0.978005, 6.121, -98.2113, -202.664)
mesh = SubResource("BoxMesh_kyq2m")
skeleton = NodePath("../../StaticBody3D")

[node name="CollisionShape3D" type="CollisionShape3D" parent="Course/StaticBody3D14"]
transform = Transform3D(0.997621, 0.0688643, 0.00319095, -0.0680142, 0.975644, 0.208554, 0.0112487, -0.208275, 0.978005, 6.121, -98.2113, -202.664)
shape = SubResource("ConvexPolygonShape3D_omi7t")

[node name="Audio" type="Node" parent="."]

[node name="Windy" type="AudioStreamPlayer" parent="Audio"]
stream = ExtResource("10_53v25")
volume_db = -10.0
autoplay = true

[node name="duct_90arc_low_1" parent="." instance=ExtResource("12_w2hcl")]
transform = Transform3D(-2.18557e-07, 5, 0, -4.99775, -2.18459e-07, 0.149901, 0.149901, 6.5524e-09, 4.99775, 8.10418, 2.15102, -40.5793)

[node name="DuctPath" type="Area3D" parent="duct_90arc_low_1"]
script = ExtResource("13_bi3qp")
exit_strength = 75.0
duration = 1.5

[node name="CollisionShape3D" type="CollisionShape3D" parent="duct_90arc_low_1/DuctPath"]
shape = SubResource("SphereShape3D_00324")

[node name="Path3D" type="Path3D" parent="duct_90arc_low_1/DuctPath"]
transform = Transform3D(1, 2.60555e-15, 0, 2.60902e-15, 1, 0, 0, 1.11022e-16, 1, 0, 0, 0)
curve = SubResource("Curve3D_r1lr2")

[node name="duct_base_low_0" parent="." instance=ExtResource("13_qw323")]
transform = Transform3D(4.98289, -0.413258, 1.80641e-08, 0, -2.18557e-07, -5, 0.413258, 4.98289, -2.17809e-07, 8.04524, -9.39408, -48.5916)

[node name="duct_base_low_1" parent="." instance=ExtResource("13_qw323")]
transform = Transform3D(4.98823, 0.225616, -0.258258, -0.155244, -1.87186, -4.63379, -0.305777, 4.6309, -1.86045, 14.7882, -16.0852, -87.5815)

[node name="AC Unit" parent="." instance=ExtResource("17_xmfld")]
transform = Transform3D(0.0511941, 3.04588e-18, 0.0137174, -4.18096e-32, 0.053, -1.17684e-17, -0.0137174, 1.13674e-17, 0.0511941, -3.80307, 18.5252, 76.7592)

[node name="AC Unit2" parent="." instance=ExtResource("17_xmfld")]
transform = Transform3D(-7.11924e-09, 3.61642e-17, 0.162869, 0, 0.162869, -3.61642e-17, -0.162869, -1.58079e-24, -7.11924e-09, -37.8528, -19.4745, -290.434)

[node name="Fan" parent="AC Unit2" index="5"]
direction = Vector3(0, 1, 0.42)
strength = 80.0

[node name="StaticBody3D" type="StaticBody3D" parent="."]
collision_layer = 17
physics_material_override = SubResource("PhysicsMaterial_eun23")

[node name="MeshInstance3D" type="MeshInstance3D" parent="StaticBody3D"]
transform = Transform3D(0.921104, 0, -0.389317, 0, 1, 0, 0.389317, 0, 0.921104, -10.7392, 31.9827, 68.0223)
mesh = SubResource("BoxMesh_hxyjh")

[node name="CollisionShape3D" type="CollisionShape3D" parent="StaticBody3D"]
transform = Transform3D(0.921104, 0, -0.389317, 0, 1, 0, 0.389317, 0, 0.921104, -10.7392, 31.9827, 68.0223)
shape = SubResource("ConvexPolygonShape3D_t20q0")

[editable path="AC Unit2"]
